0 366.370 34.060 311.540 11.070 263.510 -10.300 224.240 -28.580 195.280 -42.620 175.110 -53.830 160.850 -64.760 149.800 -77.840 142.000 -93.590 139.620 -111.110 144.850 -129.440 159.650 -147.480 185.600 -163.960 224.270 -177.580 275.780 -187.270 337.000 -192.400 404.400 -192.420 473.770 -186.790 538.280 -175.090 590.440 -156.870 623.920 -131.900 640.730 -101.080 646.640 -65.860 647.190 -27.780 644.270 10.300 636.950 44.530 624.220 71.030 604.550 87.530 575.700 93.850 535.410 89.910 483.660 76.590 425.420 56.890
0 -366.760 42.070 -413.800 64.310 -460.980 84.070 -508.270 98.920 -555.200 106.320 -598.310 102.900 -632.810 84.910 -654.170 49.090 -662.160 -0.340 -659.790 -53.450 -650.120 -100.260 -633.560 -135.790 -607.090 -161.480 -567.460 -179.210 -513.970 -190.560 -451.570 -196.460 -385.960 -197.750 -322.530 -195.040 -265.280 -188.170 -217.870 -176.750 -183.460 -160.650 -161.500 -141.560 -149.760 -122.030 -146.060 -104.470 -148.830 -89.480 -156.950 -76.220 -169.370 -63.850 -186.150 -51.350 -208.790 -37.550 -238.890 -21.260 -276.850 -1.920 -320.370 19.560
0 366.470 58.220 353.810 56.870 341.580 54.560 329.490 51.070 317.400 46.060 306.440 38.530 298.290 27.160 294.520 10.810 295.270 -8.880 299.540 -28.170 306.310 -43.290 314.890 -52.740 325.060 -57.980 336.610 -60.630 349.260 -61.890 362.550 -61.950 376.000 -60.880 389.200 -58.720 401.910 -55.400 413.930 -50.820 425.020 -44.810 434.520 -36.690 441.560 -25.540 445.320 -10.590 445.590 6.880 442.660 23.980 436.810 37.850 428.430 47.260 418.010 53.130 406.060 56.520 393.100 58.280 379.710 58.750
0 -388.900 62.460 -402.260 62.350 -415.690 61.080 -429.130 58.420 -442.420 54.050 -454.610 47.330 -464.430 37.430 -470.680 23.650 -473.060 7.030 -471.970 -10.040 -467.850 -25.190 -461.000 -37.200 -451.610 -46.430 -439.810 -53.310 -425.970 -58.230 -410.920 -61.390 -395.540 -63.020 -380.650 -63.310 -366.730 -62.350 -354.210 -60.230 -343.470 -56.880 -334.640 -50.920 -327.700 -40.420 -322.650 -23.680 -319.850 -2.430 -319.900 18.890 -323.360 35.880 -330.230 46.760 -339.670 53.200 -350.800 57.110 -362.920 59.860 -375.710 61.630
1 370.500 -54.890 315.500 -63.580 266.700 -73.490 226.290 -82.950 196.070 -90.590 174.880 -97.280 160.290 -104.900 149.960 -115.230 143.660 -128.450 142.790 -143.510 148.770 -159.350 163.200 -174.930 187.900 -189.210 224.720 -201.190 273.960 -209.990 332.490 -215.040 396.710 -215.800 462.520 -211.780 523.690 -202.550 573.510 -187.700 606.200 -167.200 623.200 -143.630 629.180 -120.740 628.640 -102.110 624.010 -88.260 616.050 -77.400 605.410 -67.700 590.760 -58.610 568.120 -51.250 533.350 -46.810 485.190 -46.080 428.880 -48.880
1 -372.790 -48.080 -417.960 -42.430 -463.370 -39.520 -507.620 -38.880 -549.210 -40.260 -585.910 -45.040 -615.160 -55.330 -634.510 -73.040 -643.460 -97.060 -642.980 -123.940 -634.030 -150.180 -616.600 -173.400 -589.330 -192.660 -550.800 -207.110 -500.990 -216.340 -443.120 -220.900 -380.820 -221.480 -318.060 -218.590 -260.100 -211.970 -212.510 -201.170 -180.070 -186.010 -161.660 -168.280 -153.480 -150.670 -151.880 -135.740 -155.320 -123.980 -163.880 -114.280 -177.700 -105.530 -196.930 -96.860 -221.780 -87.780 -252.430 -77.810 -288.660 -67.020 -329.230 -56.640
1 367.070 33.110 352.320 31.900 338.050 29.400 323.910 25.310 309.750 19.200 296.860 9.690 287.150 -5.070 282.450 -26.660 282.930 -52.910 287.520 -78.780 295.090 -99.220 304.890 -112.210 316.620 -119.660 330.000 -123.720 344.690 -125.980 360.140 -126.670 375.820 -125.880 391.210 -123.620 406.060 -119.790 420.130 -114.250 433.150 -106.770 444.360 -96.390 452.760 -81.880 457.430 -62.150 458.090 -38.910 455.020 -16.000 448.490 2.730 438.930 15.650 426.920 23.940 413.090 29.020 398.050 31.960 382.480 33.210
1 -389.200 39.510 -404.850 38.920 -420.570 36.790 -436.280 32.770 -451.780 26.470 -465.970 17.040 -477.340 3.420 -484.470 -15.300 -487.030 -37.700 -485.520 -60.610 -480.490 -80.830 -472.310 -96.750 -461.180 -108.840 -447.260 -117.710 -430.990 -123.860 -413.320 -127.620 -395.280 -129.310 -377.820 -129.210 -361.530 -127.470 -346.900 -124.220 -334.370 -119.370 -324.100 -111.070 -316.110 -96.740 -310.430 -74.080 -307.440 -45.440 -307.780 -16.790 -312.070 5.920 -320.260 20.320 -331.410 28.670 -344.500 33.560 -358.740 36.850 -373.740 38.820
2 370.980 -169.780 317.630 -170.970 269.180 -171.060 228.210 -170.260 196.910 -168.900 174.760 -168.100 160.000 -169.350 150.930 -174.020 146.980 -181.950 148.420 -191.740 155.570 -202.020 169.540 -211.780 192.470 -220.580 226.560 -228.020 272.360 -233.670 326.740 -237.130 386.050 -237.990 446.330 -235.880 502.290 -230.620 548.280 -222.060 579.500 -210.240 597.040 -196.610 604.680 -183.200 606.100 -172.020 603.320 -163.850 597.100 -158.620 588.100 -156.220 575.150 -156.260 554.660 -158.080 522.870 -160.980 478.580 -164.280 426.210 -167.400
2 -377.780 -167.830 -418.860 -166.180 -461.530 -163.850 -504.060 -160.560 -544.590 -156.290 -580.380 -152.970 -608.300 -153.380 -625.390 -160.110 -631.060 -172.600 -626.590 -187.900 -613.290 -202.990 -591.990 -216.030 -562.870 -226.720 -526.090 -234.800 -481.920 -240.160 -430.930 -242.860 -373.710 -243.010 -312.140 -240.620 -253.310 -235.370 -205.590 -226.840 -176.120 -214.890 -162.920 -201.370 -159.910 -189.010 -161.270 -180.410 -165.530 -175.850 -174.520 -173.870 -190.150 -172.930 -212.720 -172.160 -240.430 -171.450 -271.390 -170.740 -304.370 -169.980 -339.670 -169.050
2 369.390 -3.840 351.720 -4.610 334.560 -7.300 317.490 -12.310 300.300 -20.260 284.480 -33.280 272.230 -54.160 265.670 -85.350 265.110 -123.690 269.460 -161.750 277.610 -192.090 288.760 -211.710 302.440 -223.370 318.260 -230.200 335.700 -234.490 354.140 -236.540 372.900 -236.440 391.400 -234.180 409.300 -229.590 426.360 -222.460 442.250 -212.420 456.090 -198.040 466.770 -177.420 473.200 -148.940 475.010 -115.080 472.340 -81.440 465.350 -53.660 454.490 -34.170 440.510 -21.250 424.200 -12.910 406.360 -7.610 387.820 -4.740
2 -390.800 6.710 -409.720 5.100 -428.680 1.200 -447.570 -5.470 -466.140 -15.500 -483.020 -30.090 -496.380 -50.730 -504.430 -78.690 -506.840 -111.880 -504.310 -145.610 -497.600 -175.210 -487.210 -198.330 -473.360 -215.660 -456.250 -228.080 -436.370 -236.390 -414.860 -241.120 -392.980 -242.760 -371.850 -241.780 -352.190 -238.440 -334.570 -232.960 -319.560 -225.200 -307.390 -212.480 -298.160 -190.950 -291.980 -157.230 -289.240 -114.820 -290.520 -72.550 -296.420 -39.230 -306.770 -18.370 -320.520 -6.560 -336.520 0.040 -353.850 4.220 -372.060 6.410
3 369.230 -224.030 317.130 -223.970 269.320 -222.310 228.510 -219.050 197.040 -214.380 174.700 -209.650 160.110 -206.760 151.900 -207.490 149.340 -211.680 152.140 -217.690 160.050 -223.870 173.920 -229.260 196.040 -233.830 228.770 -237.600 272.770 -240.500 324.900 -242.260 381.520 -242.580 438.720 -241.240 491.710 -238.280 535.410 -233.840 565.510 -228.100 583.000 -221.690 591.280 -215.440 593.650 -210.170 591.880 -206.460 586.550 -204.700 578.210 -205.260 565.720 -207.970 545.850 -211.900 515.250 -216.100 472.830 -219.780 422.590 -222.540
3 -378.950 -226.490 -417.720 -226.340 -459.030 -225.390 -501.100 -223.010 -541.990 -218.780 -578.400 -214.100 -606.450 -211.120 -622.480 -211.880 -625.940 -216.250 -618.660 -222.430 -602.550 -228.600 -579.060 -233.780 -549.080 -238.070 -513.420 -241.640 -472.410 -244.500 -425.190 -246.280 -370.750 -246.540 -309.910 -244.880 -250.690 -240.960 -202.930 -234.450 -175.030 -225.280 -164.530 -215.280 -164.140 -207.120 -166.930 -203.320 -171.440 -204.030 -180.460 -207.590 -196.840 -212.270 -220.940 -216.880 -249.930 -220.920 -280.780 -223.890 -311.740 -225.580 -343.950 -226.310
3 371.620 -23.480 352.490 -23.900 333.860 -26.640 315.270 -32.190 296.490 -41.280 279.030 -56.500 265.250 -81.310 257.350 -118.700 255.750 -164.890 259.470 -210.880 267.500 -247.670 279.050 -271.630 293.550 -286.070 310.470 -294.760 329.220 -300.430 349.110 -303.440 369.400 -303.850 389.460 -301.660 408.940 -296.660 427.570 -288.550 445.010 -276.910 460.350 -259.980 472.430 -235.440 480.120 -201.320 482.950 -160.560 480.940 -119.950 474.110 -86.280 462.860 -62.480 448.080 -46.510 430.650 -35.990 411.500 -29.080 391.520 -25.090
3 -392.450 -10.150 -413.050 -12.470 -433.650 -17.570 -454.120 -26.040 -474.180 -38.560 -492.320 -56.560 -506.500 -81.830 -514.780 -115.850 -516.800 -156.090 -513.440 -196.900 -505.590 -232.610 -493.850 -260.400 -478.440 -281.110 -459.560 -295.810 -437.730 -305.480 -414.200 -310.770 -390.320 -312.320 -367.310 -310.710 -345.930 -306.270 -326.830 -299.280 -310.610 -289.580 -297.570 -273.930 -287.890 -247.670 -281.770 -206.700 -279.550 -155.290 -281.710 -104.120 -288.740 -63.890 -300.400 -38.830 -315.600 -24.810 -333.160 -17.140 -352.120 -12.410 -372.020 -10.130
4 370.980 -169.780 317.630 -170.970 269.180 -171.060 228.210 -170.260 196.910 -168.900 174.760 -168.100 160.000 -169.350 150.930 -174.020 146.980 -181.950 148.420 -191.740 155.570 -202.020 169.540 -211.780 192.470 -220.580 226.560 -228.020 272.360 -233.670 326.740 -237.130 386.050 -237.990 446.330 -235.880 502.290 -230.620 548.280 -222.060 579.500 -210.240 597.040 -196.610 604.680 -183.200 606.100 -172.020 603.320 -163.850 597.100 -158.620 588.100 -156.220 575.150 -156.260 554.660 -158.080 522.870 -160.980 478.580 -164.280 426.210 -167.400
4 -377.780 -167.830 -418.860 -166.180 -461.530 -163.850 -504.060 -160.560 -544.590 -156.290 -580.380 -152.970 -608.300 -153.380 -625.390 -160.110 -631.060 -172.600 -626.590 -187.900 -613.290 -202.990 -591.990 -216.030 -562.870 -226.720 -526.090 -234.800 -481.920 -240.160 -430.930 -242.860 -373.710 -243.010 -312.140 -240.620 -253.310 -235.370 -205.590 -226.840 -176.120 -214.890 -162.920 -201.370 -159.910 -189.010 -161.270 -180.410 -165.530 -175.850 -174.520 -173.870 -190.150 -172.930 -212.720 -172.160 -240.430 -171.450 -271.390 -170.740 -304.370 -169.980 -339.670 -169.050
4 369.390 -3.840 351.720 -4.610 334.560 -7.300 317.490 -12.310 300.300 -20.260 284.480 -33.280 272.230 -54.160 265.670 -85.350 265.110 -123.690 269.460 -161.750 277.610 -192.090 288.760 -211.710 302.440 -223.370 318.260 -230.200 335.700 -234.490 354.140 -236.540 372.900 -236.440 391.400 -234.180 409.300 -229.590 426.360 -222.460 442.250 -212.420 456.090 -198.040 466.770 -177.420 473.200 -148.940 475.010 -115.080 472.340 -81.440 465.350 -53.660 454.490 -34.170 440.510 -21.250 424.200 -12.910 406.360 -7.610 387.820 -4.740
4 -390.800 6.710 -409.720 5.100 -428.680 1.200 -447.570 -5.470 -466.140 -15.500 -483.020 -30.090 -496.380 -50.730 -504.430 -78.690 -506.840 -111.880 -504.310 -145.610 -497.600 -175.210 -487.210 -198.330 -473.360 -215.660 -456.250 -228.080 -436.370 -236.390 -414.860 -241.120 -392.980 -242.760 -371.850 -241.780 -352.190 -238.440 -334.570 -232.960 -319.560 -225.200 -307.390 -212.480 -298.160 -190.950 -291.980 -157.230 -289.240 -114.820 -290.520 -72.550 -296.420 -39.230 -306.770 -18.370 -320.520 -6.560 -336.520 0.040 -353.850 4.220 -372.060 6.410
5 370.500 -54.890 315.500 -63.580 266.700 -73.490 226.290 -82.950 196.070 -90.590 174.880 -97.280 160.290 -104.900 149.960 -115.230 143.660 -128.450 142.790 -143.510 148.770 -159.350 163.200 -174.930 187.900 -189.210 224.720 -201.190 273.960 -209.990 332.490 -215.040 396.710 -215.800 462.520 -211.780 523.690 -202.550 573.510 -187.700 606.200 -167.200 623.200 -143.630 629.180 -120.740 628.640 -102.110 624.010 -88.260 616.050 -77.400 605.410 -67.700 590.760 -58.610 568.120 -51.250 533.350 -46.810 485.190 -46.080 428.880 -48.880
5 -372.790 -48.080 -417.960 -42.430 -463.370 -39.520 -507.620 -38.880 -549.210 -40.260 -585.910 -45.040 -615.160 -55.330 -634.510 -73.040 -643.460 -97.060 -642.980 -123.940 -634.030 -150.180 -616.600 -173.400 -589.330 -192.660 -550.800 -207.110 -500.990 -216.340 -443.120 -220.900 -380.820 -221.480 -318.060 -218.590 -260.100 -211.970 -212.510 -201.170 -180.070 -186.010 -161.660 -168.280 -153.480 -150.670 -151.880 -135.740 -155.320 -123.980 -163.880 -114.280 -177.700 -105.530 -196.930 -96.860 -221.780 -87.780 -252.430 -77.810 -288.660 -67.020 -329.230 -56.640
5 367.070 33.110 352.320 31.900 338.050 29.400 323.910 25.310 309.750 19.200 296.860 9.690 287.150 -5.070 282.450 -26.660 282.930 -52.910 287.520 -78.780 295.090 -99.220 304.890 -112.210 316.620 -119.660 330.000 -123.720 344.690 -125.980 360.140 -126.670 375.820 -125.880 391.210 -123.620 406.060 -119.790 420.130 -114.250 433.150 -106.770 444.360 -96.390 452.760 -81.880 457.430 -62.150 458.090 -38.910 455.020 -16.000 448.490 2.730 438.930 15.650 426.920 23.940 413.090 29.020 398.050 31.960 382.480 33.210
5 -389.200 39.510 -404.850 38.920 -420.570 36.790 -436.280 32.770 -451.780 26.470 -465.970 17.040 -477.340 3.420 -484.470 -15.300 -487.030 -37.700 -485.520 -60.610 -480.490 -80.830 -472.310 -96.750 -461.180 -108.840 -447.260 -117.710 -430.990 -123.860 -413.320 -127.620 -395.280 -129.310 -377.820 -129.210 -361.530 -127.470 -346.900 -124.220 -334.370 -119.370 -324.100 -111.070 -316.110 -96.740 -310.430 -74.080 -307.440 -45.440 -307.780 -16.790 -312.070 5.920 -320.260 20.320 -331.410 28.670 -344.500 33.560 -358.740 36.850 -373.740 38.820
6 366.370 34.060 311.540 11.070 263.510 -10.300 224.240 -28.580 195.280 -42.620 175.110 -53.830 160.850 -64.760 149.800 -77.840 142.000 -93.590 139.620 -111.110 144.850 -129.440 159.650 -147.480 185.600 -163.960 224.270 -177.580 275.780 -187.270 337.000 -192.400 404.400 -192.420 473.770 -186.790 538.280 -175.090 590.440 -156.870 623.920 -131.900 640.730 -101.080 646.640 -65.860 647.190 -27.780 644.270 10.300 636.950 44.530 624.220 71.030 604.550 87.530 575.700 93.850 535.410 89.910 483.660 76.590 425.420 56.890
6 -366.760 42.070 -413.800 64.310 -460.980 84.070 -508.270 98.920 -555.200 106.320 -598.310 102.900 -632.810 84.910 -654.170 49.090 -662.160 -0.340 -659.790 -53.450 -650.120 -100.260 -633.560 -135.790 -607.090 -161.480 -567.460 -179.210 -513.970 -190.560 -451.570 -196.460 -385.960 -197.750 -322.530 -195.040 -265.280 -188.170 -217.870 -176.750 -183.460 -160.650 -161.500 -141.560 -149.760 -122.030 -146.060 -104.470 -148.830 -89.480 -156.950 -76.220 -169.370 -63.850 -186.150 -51.350 -208.790 -37.550 -238.890 -21.260 -276.850 -1.920 -320.370 19.560
6 366.470 58.220 353.810 56.870 341.580 54.560 329.490 51.070 317.400 46.060 306.440 38.530 298.290 27.160 294.520 10.810 295.270 -8.880 299.540 -28.170 306.310 -43.290 314.890 -52.740 325.060 -57.980 336.610 -60.630 349.260 -61.890 362.550 -61.950 376.000 -60.880 389.200 -58.720 401.910 -55.400 413.930 -50.820 425.020 -44.810 434.520 -36.690 441.560 -25.540 445.320 -10.590 445.590 6.880 442.660 23.980 436.810 37.850 428.430 47.260 418.010 53.130 406.060 56.520 393.100 58.280 379.710 58.750
6 -388.900 62.460 -402.260 62.350 -415.690 61.080 -429.130 58.420 -442.420 54.050 -454.610 47.330 -464.430 37.430 -470.680 23.650 -473.060 7.030 -471.970 -10.040 -467.850 -25.190 -461.000 -37.200 -451.610 -46.430 -439.810 -53.310 -425.970 -58.230 -410.920 -61.390 -395.540 -63.020 -380.650 -63.310 -366.730 -62.350 -354.210 -60.230 -343.470 -56.880 -334.640 -50.920 -327.700 -40.420 -322.650 -23.680 -319.850 -2.430 -319.900 18.890 -323.360 35.880 -330.230 46.760 -339.670 53.200 -350.800 57.110 -362.920 59.860 -375.710 61.630
