command(2)

8,L_Speechless_2/L_Speechless_2.txt

Y0

第N次灵魂拷问今晚吃啥，你是想把菜单念到天荒地老吗？

-62.6255 -75.6575 -70.2213 -69.6 -32.2848 -25.6639 -23.8887 -25.1348 -29.0593 -38.2542 -49.0053 -61.4701 -39.5026
18.1281 25.5637 25.4998 22.9907 18.5885 269.606 150.647 253.483 22.0894 20.6676 19.8588 20.4191 16.7661

command(1)

-16.7423 -16.7441 -21.5323 -30.3115 -29.5301 -28.7496 -30.887 -38.7287 -41.8513 -40.557 -34.2795 -22.0035 -18.3302 -18.3478 -18.6688
23.7989 334.529 347.717 348.035 353.313 361.447 21.2552 22.6518 23.1774 23.121 22.7612 346.836 334.863 307.358 260.734

-14.9244 -14.0792 -14.2692 -14.6761 -17.8443 -18.968 -13.0699 -12.1544 -13.8322 -16.2934 -22.1086 -30.956 -32.4978
214.958 146.977 228.497 244.458 249.646 261.462 246.227 238.37 243.799 258.163 20.4597 21.8255 23.5519

-23.6346 -23.1373 -23.1885 -25.9418 -22.4083 -15.9939 -13.7762 -13.4501 -12.5802 -12.8882 -16.9216 -28.7723 -26.057 -19.4865 -15.4587
23.0496 175.313 173.11 174.651 20.7568 23.9649 238.991 244.106 235.705 235.278 226.691 21.4413 23.0173 291.858 295.26

-13.7146 -17.3393 -21.2998 -23.8666 -24.9706 -24.6549 -25.9171 -26.748 -25.7954 -25.7691 -24.4901 -22.9542 -18.5799 -15.995 -16.1058
24.2685 21.6643 209.61 20.4559 23.1071 21.8989 279.473 22.3429 24.6096 23.7601 22.5538 21.3638 23.2104 23.2327 192.71

-18.522 -22.4779 -30.4857 -43.2776 -61.8975 -60.3192 -61.1185 -61.9374 -57.4163 -55.5107 -56.3939 -58.649 -63.8327 -68.3019 -66.4159
23.4644 23.0105 24.6765 18.6824 22.3724 27.3189 21.097 24.5395 23.6238 23.1515 24.5772 21.3402 16.8415 23.3643 20.0222

-64.1865 -64.9497 -42.7962 -28.5803 -21.6466 -20.3495 -23.3338 -26.119 -23.6377 -24.7854 -32.6601 -14.8372 -10.7215 -10.5398 -14.1847
22.7364 22.6187 22.7898 21.52 202.47 208.556 22.1756 22.8493 22.8712 334.497 18.9524 19.8094 23.5563 22.6421 21.5633

-12.1823 -9.81688 -12.8836 -25.1612 -39.0173 -30.0755 -26.0081 -21.0291 -14.6436 -13.994 -19.0272 -22.4041 -13.2418 -11.5079 -14.5559
22.6118 23.0466 21.3953 22.3666 19.8143 21.2629 23.2895 22.4685 332.022 315.224 19.9153 278.443 23.0533 272.247 276.828

-26.5308 -21.502 -16.4218 -16.5963 -20.425 -15.8322 -13.9943 -17.3854 -31.3328 -37.4483 -28.6065 -18.7762 -16.9312 -20.7242 -29.7164
304.892 311.209 307.281 301.68 294.875 276.785 267.55 21.5768 250.625 22.2781 19.7985 325.582 320.749 321.474 19.8501

-12.1644 -13.8188 -20.4288 -23.876 -19.987 -18.892 -20.0861 -21.3281 -15.1686 -11.6427 -11.6834 -14.7606 -20.5978
355.325 353.911 357.581 19.7929 359.257 357.71 341.186 317.172 22.9198 22.4596 23.4826 22.6973 21.4945

-23.6934 -17.2484 -13.4162 -11.5989 -11.7066 -13.9611 -18.1781 -25.6342 -43.8983 -66.835 -72.2204 -70.6382 -68.2468
189.101 22.9936 23.353 22.6978 239.463 254.036 266.432 19.2065 19.1756 23.7867 27.1738 22.0917 27.3756

24,L_Speechless_2/L_Speechless_2.txt

E3

要不直接点个盲盒外卖，吃完直接进入忏悔环节？

-57.6278 -68.1538 -68.4794 -70.5149 -37.3356 -24.5999 -12.6941 -10.5566 -13.8935 -24.47 -28.967 -28.4073 -31.4355
19.293 21.341 19.2298 0 18.9364 22.0943 341.804 334.87 332.054 21.0735 308.316 23.4272 19.5933

-28.975 -30.8033 -35.0289 -25.311 -19.6819 -20.2919 -25.1245 -21.771 -16.7463 -16.8403 -21.1163 -21.5845 -19.3125 -18.5981 -18.9922
22.9787 250.532 19.8522 319.93 332.028 339.732 21.0268 27.0312 23.324 22.8968 211.211 208.665 216.745 216.045 214.33

-14.8573 -15.2429 -18.406 -26.1598 -33.2022 -21.7029 -17.4435 -16.3968 -13.6966 -12.4714 -14.199 -17.8805 -23.3091
210.497 23.6362 248.07 20.0479 22.3243 270.269 263.257 22.1896 309.084 308.022 302.981 300.632 293.137

-15.2297 -12.2895 -11.4137 -12.1409 -14.1717 -18.1574 -31.899 -51.5957 -58.9688 -61.3011 -66.3033 -63.9489 -63.7374 -64.6921 -65.0425
332.033 327.975 319.516 22.9525 22.8491 21.0159 20.0957 20.0504 23.0575 20.0099 19.5288 20.6613 27.3717 23.636 20.6616

-45.361 -32.2428 -27.5014 -26.2567 -26.8042 -24.5014 -17.3396 -13.4562 -10.781 -9.29382 -10.0109 -13.1002 -18.2148 -24.362 -28.2806
21.0178 21.2317 22.48 22.7607 23.3541 23.0258 341.288 335.065 23.2076 295.556 286.645 286.412 286.497 306.29 20.2098

-23.6887 -23.7403 -29.274 -25.1989 -20.2113 -20.7443 -27.2998 -33.0329 -25.1078 -22.0431 -21.3976 -21.6939 -22.8892 -24.8201 -28.4696
237.411 227.76 204.466 274.748 285.63 291.196 21.447 18.9094 328.792 319.589 313.424 311.938 308.144 319.488 21.4882

-29.7802 -28.5955 -18.9647 -15.0037 -14.7685 -18.6435 -34.1239 -21.3873 -18.3373 -19.0321 -21.0942 -25.1992 -26.5826 -17.6816 -16.0967
22.9177 23.1278 21.438 400 400 391.889 23.9417 20.3599 23.323 190.875 185.884 186.226 18.3675 22.5797 190.388

-18.7011 -18.8211 -24.1536 -26.7195 -17.4035 -15.8955 -16.2459 -16.2434 -18.6029 -23.0007 -32.1365 -56.0794 -72.1857 -74.4073 -74.4538
223.176 230.096 244.15 243.92 219.838 213.244 210.229 213.683 222.643 21.823 20.5155 21.5467 20.9167 21.6132 20.9845

command(3)
