1 367.872 229.414 315.383 228.132 267.244 221.844 225.110 210.288 190.509 192.767 164.313 165.485 147.066 123.218 139.202 61.417 139.755 -14.373 146.647 -90.837 157.814 -154.645 173.329 -199.978 195.989 -230.772 228.762 -251.611 272.669 -265.690 324.276 -273.129 379.605 -273.643 434.687 -266.962 485.770 -252.831 529.166 -231.052 561.646 -201.391 583.700 -163.661 597.448 -117.662 604.923 -63.421 607.017 -4.310 603.678 53.719 594.840 104.746 579.524 145.717 555.604 177.351 520.878 200.615 475.133 216.443 422.539 225.748
1 -369.643 242.740 -414.733 240.393 -458.870 233.622 -502.222 221.650 -544.589 203.334 -582.821 174.856 -612.508 131.143 -629.458 67.836 -633.002 -9.443 -625.241 -87.358 -608.313 -152.566 -583.684 -199.241 -551.999 -231.324 -513.825 -253.432 -469.896 -268.939 -421.300 -278.533 -369.172 -282.522 -315.352 -280.921 -264.477 -272.529 -221.881 -255.818 -192.124 -229.309 -174.081 -191.491 -164.039 -140.898 -158.484 -76.475 -156.582 -3.477 -159.586 67.983 -168.802 127.816 -185.140 171.509 -209.017 201.811 -240.828 221.943 -280.015 234.572 -323.936 241.098
1 341.620 129.413 322.490 128.995 303.860 126.253 285.270 120.703 266.490 111.615 249.030 96.393 235.250 71.583 227.350 34.193 225.750 -11.997 229.470 -57.985 237.500 -94.777 249.050 -118.737 263.550 -133.177 280.470 -141.867 299.220 -147.535 319.110 -150.547 339.400 -150.957 359.460 -148.767 378.940 -143.765 397.570 -135.657 415.010 -124.015 430.350 -107.085 442.430 -82.547 450.120 -48.425 452.950 -7.665 450.940 32.943 444.110 66.615 432.860 90.415 418.080 106.385 400.650 116.903 381.500 123.813 361.520 127.805
1 -357.450 142.745 -378.050 140.423 -398.650 135.323 -419.120 126.855 -439.180 114.335 -457.320 96.333 -471.500 71.065 -479.780 37.043 -481.800 -3.197 -478.440 -44.005 -470.590 -79.717 -458.850 -107.507 -443.440 -128.215 -424.560 -142.917 -402.730 -152.585 -379.200 -157.875 -355.320 -159.425 -332.310 -157.817 -310.930 -153.377 -291.830 -146.385 -275.610 -136.687 -262.570 -121.035 -252.890 -94.775 -246.770 -53.807 -244.550 -2.397 -246.710 48.773 -253.740 89.003 -265.400 114.063 -280.600 128.083 -298.160 135.755 -317.120 140.483 -337.020 142.765
2 368.425 82.110 316.095 81.375 268.090 78.325 226.495 72.805 193.170 64.325 168.545 50.085 152.380 26.215 144.375 -10.705 143.660 -57.325 148.885 -105.085 158.725 -145.415 173.570 -174.475 196.010 -194.585 228.765 -208.470 272.710 -217.995 324.530 -223.120 380.385 -223.555 436.330 -219.050 488.190 -209.470 531.710 -194.755 563.220 -174.840 583.415 -149.870 594.935 -120.065 600.330 -85.775 600.850 -49.235 596.700 -14.130 588.065 15.880 573.900 39.055 551.630 56.200 518.585 68.275 474.195 76.155 422.560 80.545
2 -373.435 89.005 -415.950 87.675 -458.935 84.050 -501.765 77.925 -543.530 68.790 -581.020 53.825 -610.040 29.135 -626.615 -8.690 -630.125 -56.265 -622.560 -104.955 -605.965 -146.110 -581.800 -175.880 -550.810 -196.640 -513.660 -211.195 -470.920 -221.550 -422.885 -227.960 -369.815 -230.430 -313.135 -228.805 -258.860 -222.235 -214.160 -209.680 -185.160 -190.235 -170.190 -163.750 -164.080 -130.445 -161.925 -90.720 -162.635 -47.755 -168.090 -6.855 -180.225 26.695 -199.725 50.705 -225.685 67.020 -257.105 77.740 -292.940 84.535 -332.090 88.105
2 341.620 112.040 322.490 111.625 303.860 108.880 285.270 103.330 266.490 94.245 249.030 79.020 235.250 54.210 227.350 16.820 225.750 -29.370 229.470 -75.355 237.500 -112.150 249.050 -136.110 263.550 -150.550 280.470 -159.240 299.220 -164.905 319.110 -167.920 339.400 -168.330 359.460 -166.140 378.940 -161.135 397.570 -153.030 415.010 -141.385 430.350 -124.455 442.430 -99.920 450.120 -65.795 452.950 -25.035 450.940 15.570 444.110 49.245 432.860 73.045 418.080 89.015 400.650 99.530 381.500 106.440 361.520 110.435
2 -357.450 125.375 -378.050 123.050 -398.650 117.950 -419.120 109.485 -439.180 96.965 -457.320 78.960 -471.500 53.695 -479.780 19.670 -481.800 -20.570 -478.440 -61.375 -470.590 -97.090 -458.850 -124.880 -443.440 -145.585 -424.560 -160.290 -402.730 -169.955 -379.200 -175.245 -355.320 -176.795 -332.310 -175.190 -310.930 -170.750 -291.830 -163.755 -275.610 -154.060 -262.570 -138.405 -252.890 -112.145 -246.770 -71.180 -244.550 -19.770 -246.710 31.400 -253.740 71.630 -265.400 96.690 -280.600 110.710 -298.160 118.385 -317.120 123.110 -337.020 125.395
3 368.978 -65.194 316.807 -65.382 268.936 -65.194 227.880 -64.678 195.831 -64.117 172.777 -65.315 157.694 -70.788 149.548 -82.827 147.565 -100.277 151.123 -119.333 159.636 -136.185 173.811 -148.972 196.031 -158.398 228.768 -165.329 272.751 -170.300 324.784 -173.111 381.165 -173.467 437.973 -171.138 490.610 -166.109 534.254 -158.458 564.794 -148.289 583.130 -136.079 592.422 -122.468 595.737 -108.129 594.683 -94.160 589.722 -81.979 581.290 -72.986 568.276 -67.607 547.656 -64.951 516.292 -64.065 473.257 -64.133 422.581 -64.658
3 -377.227 -64.730 -417.167 -65.043 -459.000 -65.523 -501.308 -65.800 -542.471 -65.754 -579.219 -67.206 -607.572 -72.873 -623.772 -85.216 -627.248 -103.087 -619.879 -122.552 -603.617 -139.654 -579.916 -152.519 -549.621 -161.956 -513.495 -168.958 -471.944 -174.161 -424.470 -177.387 -370.458 -178.338 -310.918 -176.689 -253.243 -171.941 -206.439 -163.542 -178.196 -151.161 -166.299 -136.009 -164.121 -119.992 -165.366 -104.965 -168.688 -92.033 -176.594 -81.693 -191.648 -74.426 -214.310 -70.099 -242.353 -67.771 -273.382 -66.463 -305.865 -65.502 -340.244 -64.888
3 341.620 94.667 322.490 94.255 303.860 91.507 285.270 85.957 266.490 76.875 249.030 61.647 235.250 36.837 227.350 -0.553 225.750 -46.743 229.470 -92.725 237.500 -129.523 249.050 -153.483 263.550 -167.923 280.470 -176.613 299.220 -182.275 319.110 -185.293 339.400 -185.703 359.460 -183.513 378.940 -178.505 397.570 -170.403 415.010 -158.755 430.350 -141.825 442.430 -117.293 450.120 -83.165 452.950 -42.405 450.940 -1.803 444.110 31.875 432.860 55.675 418.080 71.645 400.650 82.157 381.500 89.067 361.520 93.065
3 -357.450 108.005 -378.050 105.677 -398.650 100.577 -419.120 92.115 -439.180 79.595 -457.320 61.587 -471.500 36.325 -479.780 2.297 -481.800 -37.943 -478.440 -78.745 -470.590 -114.463 -458.850 -142.253 -443.440 -162.955 -424.560 -177.663 -402.730 -187.325 -379.200 -192.615 -355.320 -194.165 -332.310 -192.563 -310.930 -188.123 -291.830 -181.125 -275.610 -171.433 -262.570 -155.775 -252.890 -129.515 -246.770 -88.553 -244.550 -37.143 -246.710 14.027 -253.740 54.257 -265.400 79.317 -280.600 93.337 -298.160 101.015 -317.120 105.737 -337.020 108.025
4 369.230 -132.150 317.130 -132.090 269.320 -130.430 228.510 -127.170 197.040 -122.500 174.700 -117.770 160.110 -114.880 151.900 -115.610 149.340 -119.800 152.140 -125.810 160.050 -131.990 173.920 -137.380 196.040 -141.950 228.770 -145.720 272.770 -148.620 324.900 -150.380 381.520 -150.700 438.720 -149.360 491.710 -146.400 535.410 -141.960 565.510 -136.220 583.000 -129.810 591.280 -123.560 593.650 -118.290 591.880 -114.580 586.550 -112.820 578.210 -113.380 565.720 -116.090 545.850 -120.020 515.250 -124.220 472.830 -127.900 422.590 -130.660
4 -378.950 -134.610 -417.720 -134.460 -459.030 -133.510 -501.100 -131.130 -541.990 -126.910 -578.400 -122.220 -606.450 -119.240 -622.480 -120.000 -625.940 -124.370 -618.660 -130.550 -602.550 -136.720 -579.060 -141.900 -549.080 -146.190 -513.420 -149.760 -472.410 -152.620 -425.190 -154.400 -370.750 -154.660 -309.910 -153.000 -250.690 -149.080 -202.930 -142.570 -175.030 -133.400 -164.530 -123.400 -164.140 -115.240 -166.930 -111.440 -171.440 -112.160 -180.460 -115.710 -196.840 -120.390 -220.940 -125.010 -249.930 -129.040 -280.780 -132.010 -311.740 -133.700 -343.950 -134.430
4 341.620 86.770 322.490 86.360 303.860 83.610 285.270 78.060 266.490 68.980 249.030 53.750 235.250 28.940 227.350 -8.450 225.750 -54.640 229.470 -100.620 237.500 -137.420 249.050 -161.380 263.550 -175.820 280.470 -184.510 299.220 -190.170 319.110 -193.190 339.400 -193.600 359.460 -191.410 378.940 -186.400 397.570 -178.300 415.010 -166.650 430.350 -149.720 442.430 -125.190 450.120 -91.060 452.950 -50.300 450.940 -9.700 444.110 23.980 432.860 47.780 418.080 63.750 400.650 74.260 381.500 81.170 361.520 85.170
4 -357.450 100.110 -378.050 97.780 -398.650 92.680 -419.120 84.220 -439.180 71.700 -457.320 53.690 -471.500 28.430 -479.780 -5.600 -481.800 -45.840 -478.440 -86.640 -470.590 -122.360 -458.850 -150.150 -443.440 -170.850 -424.560 -185.560 -402.730 -195.220 -379.200 -200.510 -355.320 -202.060 -332.310 -200.460 -310.930 -196.020 -291.830 -189.020 -275.610 -179.330 -262.570 -163.670 -252.890 -137.410 -246.770 -96.450 -244.550 -45.040 -246.710 6.130 -253.740 46.360 -265.400 71.420 -280.600 85.440 -298.160 93.120 -317.120 97.840 -337.020 100.130
5 368.978 -65.194 316.807 -65.382 268.936 -65.194 227.880 -64.678 195.831 -64.117 172.777 -65.315 157.694 -70.788 149.548 -82.827 147.565 -100.277 151.123 -119.333 159.636 -136.185 173.811 -148.972 196.031 -158.398 228.768 -165.329 272.751 -170.300 324.784 -173.111 381.165 -173.467 437.973 -171.138 490.610 -166.109 534.254 -158.458 564.794 -148.289 583.130 -136.079 592.422 -122.468 595.737 -108.129 594.683 -94.160 589.722 -81.979 581.290 -72.986 568.276 -67.607 547.656 -64.951 516.292 -64.065 473.257 -64.133 422.581 -64.658
5 -377.227 -64.730 -417.167 -65.043 -459.000 -65.522 -501.308 -65.800 -542.471 -65.754 -579.219 -67.206 -607.572 -72.873 -623.772 -85.216 -627.248 -103.087 -619.879 -122.552 -603.617 -139.654 -579.916 -152.519 -549.621 -161.956 -513.495 -168.958 -471.944 -174.161 -424.470 -177.388 -370.458 -178.338 -310.918 -176.689 -253.243 -171.941 -206.439 -163.542 -178.196 -151.161 -166.299 -136.009 -164.121 -119.992 -165.366 -104.965 -168.688 -92.033 -176.594 -81.693 -191.648 -74.426 -214.310 -70.099 -242.353 -67.771 -273.382 -66.463 -305.865 -65.502 -340.244 -64.888
5 341.620 94.667 322.490 94.255 303.860 91.507 285.270 85.957 266.490 76.875 249.030 61.647 235.250 36.837 227.350 -0.553 225.750 -46.743 229.470 -92.725 237.500 -129.523 249.050 -153.483 263.550 -167.923 280.470 -176.613 299.220 -182.275 319.110 -185.293 339.400 -185.703 359.460 -183.513 378.940 -178.505 397.570 -170.403 415.010 -158.755 430.350 -141.825 442.430 -117.293 450.120 -83.165 452.950 -42.405 450.940 -1.803 444.110 31.875 432.860 55.675 418.080 71.645 400.650 82.157 381.500 89.067 361.520 93.065
5 -357.450 108.005 -378.050 105.677 -398.650 100.577 -419.120 92.115 -439.180 79.595 -457.320 61.587 -471.500 36.325 -479.780 2.297 -481.800 -37.943 -478.440 -78.745 -470.590 -114.463 -458.850 -142.253 -443.440 -162.955 -424.560 -177.663 -402.730 -187.325 -379.200 -192.615 -355.320 -194.165 -332.310 -192.563 -310.930 -188.123 -291.830 -181.125 -275.610 -171.433 -262.570 -155.775 -252.890 -129.515 -246.770 -88.553 -244.550 -37.143 -246.710 14.027 -253.740 54.257 -265.400 79.317 -280.600 93.337 -298.160 101.015 -317.120 105.737 -337.020 108.025
6 368.425 82.110 316.095 81.375 268.090 78.325 226.495 72.805 193.170 64.325 168.545 50.085 152.380 26.215 144.375 -10.705 143.660 -57.325 148.885 -105.085 158.725 -145.415 173.570 -174.475 196.010 -194.585 228.765 -208.470 272.710 -217.995 324.530 -223.120 380.385 -223.555 436.330 -219.050 488.190 -209.470 531.710 -194.755 563.220 -174.840 583.415 -149.870 594.935 -120.065 600.330 -85.775 600.850 -49.235 596.700 -14.130 588.065 15.880 573.900 39.055 551.630 56.200 518.585 68.275 474.195 76.155 422.560 80.545
6 -373.435 89.005 -415.950 87.675 -458.935 84.050 -501.765 77.925 -543.530 68.790 -581.020 53.825 -610.040 29.135 -626.615 -8.690 -630.125 -56.265 -622.560 -104.955 -605.965 -146.110 -581.800 -175.880 -550.810 -196.640 -513.660 -211.195 -470.920 -221.550 -422.885 -227.960 -369.815 -230.430 -313.135 -228.805 -258.860 -222.235 -214.160 -209.680 -185.160 -190.235 -170.190 -163.750 -164.080 -130.445 -161.925 -90.720 -162.635 -47.755 -168.090 -6.855 -180.225 26.695 -199.725 50.705 -225.685 67.020 -257.105 77.740 -292.940 84.535 -332.090 88.105
6 341.620 112.040 322.490 111.625 303.860 108.880 285.270 103.330 266.490 94.245 249.030 79.020 235.250 54.210 227.350 16.820 225.750 -29.370 229.470 -75.355 237.500 -112.150 249.050 -136.110 263.550 -150.550 280.470 -159.240 299.220 -164.905 319.110 -167.920 339.400 -168.330 359.460 -166.140 378.940 -161.135 397.570 -153.030 415.010 -141.385 430.350 -124.455 442.430 -99.920 450.120 -65.795 452.950 -25.035 450.940 15.570 444.110 49.245 432.860 73.045 418.080 89.015 400.650 99.530 381.500 106.440 361.520 110.435
6 -357.450 125.375 -378.050 123.050 -398.650 117.950 -419.120 109.485 -439.180 96.965 -457.320 78.960 -471.500 53.695 -479.780 19.670 -481.800 -20.570 -478.440 -61.375 -470.590 -97.090 -458.850 -124.880 -443.440 -145.585 -424.560 -160.290 -402.730 -169.955 -379.200 -175.245 -355.320 -176.795 -332.310 -175.190 -310.930 -170.750 -291.830 -163.755 -275.610 -154.060 -262.570 -138.405 -252.890 -112.145 -246.770 -71.180 -244.550 -19.770 -246.710 31.400 -253.740 71.630 -265.400 96.690 -280.600 110.710 -298.160 118.385 -317.120 123.110 -337.020 125.395
7 367.872 229.414 315.383 228.132 267.244 221.844 225.110 210.288 190.509 192.767 164.313 165.485 147.066 123.218 139.202 61.417 139.755 -14.373 146.647 -90.837 157.814 -154.645 173.329 -199.978 195.989 -230.772 228.762 -251.611 272.669 -265.690 324.276 -273.129 379.605 -273.643 434.687 -266.962 485.770 -252.831 529.166 -231.052 561.646 -201.391 583.700 -163.661 597.448 -117.662 604.923 -63.421 607.017 -4.310 603.678 53.719 594.840 104.746 579.524 145.717 555.604 177.351 520.878 200.615 475.133 216.443 422.539 225.748
7 -369.643 242.740 -414.733 240.393 -458.870 233.623 -502.222 221.650 -544.589 203.334 -582.821 174.856 -612.508 131.143 -629.458 67.836 -633.002 -9.443 -625.241 -87.358 -608.313 -152.566 -583.684 -199.241 -551.999 -231.324 -513.825 -253.432 -469.896 -268.939 -421.300 -278.533 -369.172 -282.522 -315.352 -280.921 -264.477 -272.529 -221.881 -255.818 -192.124 -229.309 -174.081 -191.491 -164.039 -140.898 -158.484 -76.475 -156.582 -3.477 -159.586 67.983 -168.802 127.816 -185.140 171.509 -209.017 201.811 -240.828 221.943 -280.015 234.572 -323.936 241.098
7 341.620 129.413 322.490 128.995 303.860 126.253 285.270 120.703 266.490 111.615 249.030 96.393 235.250 71.583 227.350 34.193 225.750 -11.997 229.470 -57.985 237.500 -94.777 249.050 -118.737 263.550 -133.177 280.470 -141.867 299.220 -147.535 319.110 -150.547 339.400 -150.957 359.460 -148.767 378.940 -143.765 397.570 -135.657 415.010 -124.015 430.350 -107.085 442.430 -82.547 450.120 -48.425 452.950 -7.665 450.940 32.943 444.110 66.615 432.860 90.415 418.080 106.385 400.650 116.903 381.500 123.813 361.520 127.805
7 -357.450 142.745 -378.050 140.423 -398.650 135.323 -419.120 126.855 -439.180 114.335 -457.320 96.333 -471.500 71.065 -479.780 37.043 -481.800 -3.197 -478.440 -44.005 -470.590 -79.717 -458.850 -107.507 -443.440 -128.215 -424.560 -142.917 -402.730 -152.585 -379.200 -157.875 -355.320 -159.425 -332.310 -157.817 -310.930 -153.377 -291.830 -146.385 -275.610 -136.687 -262.570 -121.035 -252.890 -94.775 -246.770 -53.807 -244.550 -2.397 -246.710 48.773 -253.740 89.003 -265.400 114.063 -280.600 128.083 -298.160 135.755 -317.120 140.483 -337.020 142.765
