0 373.900 263.020 324.320 262.820 277.190 257.250 234.170 245.920 197.040 228.730 168.530 207.560 151.740 185.250 149.430 164.560 158.940 147.440 173.430 135.220 186.110 129.190 196.050 129.880 209.900 136.780 234.830 149.340 274.150 165.390 322.560 179.250 373.620 184.720 421.430 177.760 462.230 162.780 492.820 146.340 510.850 134.320 520.220 127.680 527.610 125.180 539.290 125.680 554.510 129.840 567.170 139.680 571.100 157.160 562.940 181.350 543.040 207.520 511.960 230.700 471.150 247.500 423.930 258.060
0 -360.680 266.970 -409.550 264.630 -451.190 256.280 -484.770 245.300 -509.750 234.680 -527.810 224.760 -541.650 214.690 -553.770 203.650 -563.860 191.100 -569.400 176.770 -567.880 160.470 -557.580 144.730 -537.870 135.610 -508.190 139.400 -468.580 156.790 -420.440 175.980 -365.370 183.510 -306.090 170.720 -249.920 148.310 -205.290 131.810 -179.330 134.320 -169.270 150.980 -167.930 168.920 -168.400 176.020 -168.060 172.340 -167.570 167.300 -167.750 170.400 -171.410 184.920 -183.950 205.990 -210.910 228.250 -254.050 247.280 -306.610 260.830
0 371.620 284.170 352.490 283.760 333.860 281.010 315.270 275.460 296.490 266.370 279.030 251.150 265.250 226.340 257.350 188.950 255.750 142.760 259.470 96.770 267.500 59.980 279.050 36.020 293.550 21.580 310.470 12.890 329.220 7.220 349.110 4.210 369.400 3.800 389.460 5.990 408.940 11.000 427.570 19.100 445.010 30.740 460.350 47.670 472.430 72.210 480.120 106.330 482.950 147.090 480.940 187.700 474.110 221.370 462.860 245.170 448.080 261.150 430.650 271.660 411.500 278.570 391.520 282.560
0 -392.450 294.720 -413.050 292.400 -433.650 287.300 -454.120 278.830 -474.180 266.320 -492.320 248.310 -506.500 223.050 -514.780 189.020 -516.800 148.780 -513.440 107.970 -505.590 72.260 -493.850 44.470 -478.440 23.760 -459.560 9.060 -437.730 -0.600 -414.200 -5.890 -390.320 -7.450 -367.310 -5.840 -345.930 -1.400 -326.830 5.590 -310.610 15.290 -297.570 30.940 -287.890 57.200 -281.770 98.170 -279.550 149.580 -281.710 200.750 -288.740 240.980 -300.400 266.040 -315.600 280.060 -333.160 287.730 -352.120 292.460 -372.020 294.750
1 372.560 183.500 322.260 181.970 274.930 176.780 232.540 168.370 197.040 157.220 170.300 144.110 154.140 129.960 150.140 115.700 156.180 102.560 167.320 92.010 178.630 85.510 189.700 83.910 205.920 87.220 233.090 95.410 273.750 107.090 323.230 117.800 375.890 122.660 426.390 118.470 470.690 108.640 505.050 98.220 526.540 91.720 538.240 89.580 545.890 90.370 554.890 92.790 565.230 97.000 572.730 104.330 573.140 116.090 563.740 131.780 543.850 148.560 512.910 163.460 471.630 174.330 423.540 181.000
1 -365.420 172.790 -411.670 170.790 -453.220 165.950 -489.000 159.440 -518.100 152.290 -540.930 144.610 -558.450 136.060 -571.590 126.340 -579.950 115.530 -582.170 103.990 -576.870 92.140 -563.150 81.560 -540.780 75.400 -509.550 76.870 -469.570 86.180 -421.670 96.830 -366.760 101.410 -307.080 95.120 -250.120 83.650 -204.680 75.300 -178.210 77.130 -168.040 86.960 -166.970 98.460 -168.080 105.670 -169.040 108.390 -171.050 110.880 -175.440 117.400 -184.370 129.080 -201.120 142.970 -229.060 155.820 -269.020 165.290 -316.290 170.990
1 371.620 262.370 352.490 261.960 333.860 259.210 315.270 253.660 296.490 244.570 279.030 229.350 265.250 204.540 257.350 167.150 255.750 120.960 259.470 74.970 267.500 38.180 279.050 14.220 293.550 -0.220 310.470 -8.910 329.220 -14.580 349.110 -17.590 369.400 -18.000 389.460 -15.810 408.940 -10.800 427.570 -2.700 445.010 8.950 460.350 25.870 472.430 50.410 480.120 84.540 482.950 125.290 480.940 165.900 474.110 199.570 462.860 223.370 448.080 239.350 430.650 249.860 411.500 256.770 391.520 260.760
1 -392.450 273.720 -413.050 271.400 -433.650 266.300 -454.120 257.830 -474.180 245.310 -492.320 227.310 -506.500 202.040 -514.780 168.020 -516.800 127.780 -513.440 86.970 -505.590 51.260 -493.850 23.470 -478.440 2.760 -459.560 -11.940 -437.730 -21.610 -414.200 -26.900 -390.320 -28.450 -367.310 -26.840 -345.930 -22.400 -326.830 -15.410 -310.610 -5.710 -297.570 9.940 -287.890 36.200 -281.770 77.170 -279.550 128.580 -281.710 179.750 -288.740 219.980 -300.400 245.040 -315.600 259.060 -333.160 266.730 -352.120 271.460 -372.020 273.740
2 370.440 -46.900 319.000 -46.900 271.360 -45.160 229.970 -42.400 197.040 -39.420 173.100 -37.350 157.940 -37.540 151.260 -41.200 151.830 -47.920 157.660 -56.040 166.810 -63.870 179.660 -70.390 199.630 -75.390 230.340 -78.720 273.120 -80.400 324.290 -80.790 379.470 -80.320 434.180 -79.230 483.620 -76.940 522.860 -72.710 547.840 -65.990 560.690 -57.700 566.350 -49.400 569.520 -42.610 571.620 -37.860 571.500 -34.930 567.940 -33.570 558.970 -33.620 541.620 -35.020 512.880 -37.700 471.940 -41.300 422.880 -44.760
2 -373.710 -57.100 -415.370 -56.730 -456.780 -55.080 -496.420 -52.500 -532.730 -49.420 -563.880 -46.990 -587.850 -46.670 -602.760 -49.820 -608.120 -56.290 -604.520 -64.770 -592.600 -73.930 -572.900 -82.700 -545.860 -90.340 -511.920 -96.110 -471.310 -99.580 -423.820 -100.970 -369.210 -100.570 -308.810 -98.500 -250.470 -94.250 -203.610 -87.110 -176.260 -76.680 -165.890 -64.830 -165.250 -54.450 -167.410 -48.250 -170.570 -46.380 -176.900 -47.010 -188.630 -48.300 -206.840 -49.330 -231.060 -50.420 -260.750 -51.970 -295.190 -54.050 -333.230 -56.010
2 371.620 127.770 352.490 127.350 333.860 124.610 315.270 119.060 296.490 109.970 279.030 94.750 265.250 69.940 257.350 32.550 255.750 -13.640 259.470 -59.630 267.500 -96.420 279.050 -120.380 293.550 -134.820 310.470 -143.510 329.220 -149.180 349.110 -152.190 369.400 -152.600 389.460 -150.410 408.940 -145.400 427.570 -137.300 445.010 -125.660 460.350 -108.730 472.430 -84.190 480.120 -50.070 482.950 -9.310 480.940 31.300 474.110 64.970 462.860 88.770 448.080 104.740 430.650 115.260 411.500 122.170 391.520 126.160
2 -392.450 140.380 -413.050 138.060 -433.650 132.960 -454.120 124.490 -474.180 111.970 -492.320 93.970 -506.500 68.700 -514.780 34.680 -516.800 -5.560 -513.440 -46.370 -505.590 -82.080 -493.850 -109.870 -478.440 -130.580 -459.560 -145.280 -437.730 -154.950 -414.200 -160.240 -390.320 -161.790 -367.310 -160.180 -345.930 -155.740 -326.830 -148.750 -310.610 -139.050 -297.570 -123.400 -287.890 -97.140 -281.770 -56.170 -279.550 -4.760 -281.710 46.410 -288.740 86.640 -300.400 111.700 -315.600 125.720 -333.160 133.390 -352.120 138.120 -372.020 140.400
3 369.230 101.390 317.130 101.330 269.320 99.670 228.510 96.410 197.040 91.740 174.700 87.010 160.110 84.120 151.900 84.850 149.340 89.040 152.140 95.050 160.050 101.230 173.920 106.620 196.040 111.190 228.770 114.960 272.770 117.860 324.900 119.620 381.520 119.940 438.720 118.600 491.710 115.640 535.410 111.200 565.510 105.460 583.000 99.050 591.280 92.800 593.650 87.530 591.880 83.820 586.550 82.060 578.210 82.620 565.720 85.330 545.850 89.260 515.250 93.460 472.830 97.140 422.590 99.900
3 -378.950 103.850 -417.720 103.700 -459.030 102.750 -501.100 100.370 -541.990 96.140 -578.400 91.460 -606.450 88.480 -622.480 89.240 -625.940 93.610 -618.660 99.790 -602.550 105.960 -579.060 111.140 -549.080 115.430 -513.420 119.000 -472.410 121.860 -425.190 123.640 -370.750 123.900 -309.910 122.240 -250.690 118.320 -202.930 111.810 -175.030 102.640 -164.530 92.640 -164.140 84.480 -166.930 80.680 -171.440 81.390 -180.460 84.950 -196.840 89.630 -220.940 94.240 -249.930 98.270 -280.780 101.250 -311.740 102.940 -343.950 103.670
3 371.620 -121.690 352.490 -121.270 333.860 -118.530 315.270 -112.980 296.490 -103.890 279.030 -88.670 265.250 -63.850 257.350 -26.470 255.750 19.720 259.470 65.710 267.500 102.500 279.050 126.460 293.550 140.900 310.470 149.590 329.220 155.260 349.110 158.270 369.400 158.680 389.460 156.490 408.940 151.490 427.570 143.380 445.010 131.740 460.350 114.810 472.430 90.270 480.120 56.150 482.950 15.390 480.940 -25.220 474.110 -58.890 462.860 -82.690 448.080 -98.660 430.650 -109.180 411.500 -116.090 391.520 -120.080
3 -392.450 -135.020 -413.050 -132.700 -433.650 -127.600 -454.120 -119.130 -474.180 -106.610 -492.320 -88.610 -506.500 -63.340 -514.780 -29.320 -516.800 10.920 -513.440 51.730 -505.590 87.440 -493.850 115.230 -478.440 135.940 -459.560 150.640 -437.730 160.310 -414.200 165.600 -390.320 167.150 -367.310 165.540 -345.930 161.100 -326.830 154.110 -310.610 144.410 -297.570 128.760 -287.890 102.500 -281.770 61.530 -279.550 10.120 -281.710 -41.050 -288.740 -81.280 -300.400 -106.340 -315.600 -120.360 -333.160 -128.030 -352.120 -132.760 -372.020 -135.040
4 370.440 -47.660 319.000 -47.730 271.360 -46.250 229.970 -44.130 197.040 -42.260 173.100 -41.580 157.940 -43.080 151.260 -47.620 151.830 -54.710 157.660 -62.780 166.810 -70.290 179.660 -76.260 199.630 -80.500 230.340 -82.910 273.120 -83.540 324.290 -82.940 379.470 -81.700 434.220 -80.190 483.910 -77.880 523.870 -74.010 550.140 -68.010 564.340 -60.630 570.540 -53.180 572.690 -46.970 572.520 -42.410 570.040 -39.280 565.190 -37.350 556.350 -36.550 539.910 -37.040 512.130 -39.000 471.720 -42.210 422.850 -45.520
4 -374.220 -52.080 -415.600 -51.940 -457.000 -50.380 -496.870 -47.810 -533.630 -44.740 -565.280 -42.310 -589.650 -41.990 -604.670 -45.140 -609.840 -51.600 -605.890 -60.080 -593.560 -69.250 -573.500 -78.020 -546.170 -85.650 -512.070 -91.430 -471.420 -94.920 -423.960 -96.400 -369.360 -96.220 -308.920 -94.540 -250.490 -90.680 -203.540 -83.760 -176.140 -73.230 -165.760 -61.030 -165.120 -50.240 -167.310 -43.750 -170.560 -41.700 -177.120 -42.150 -189.300 -43.140 -208.100 -43.770 -232.820 -44.510 -262.660 -45.960 -296.780 -48.270 -334.270 -50.620
4 371.620 133.390 352.490 132.970 333.860 130.230 315.270 124.680 296.490 115.590 279.030 100.370 265.250 75.560 257.350 38.170 255.750 -8.020 259.470 -54.010 267.500 -90.800 279.050 -114.760 293.550 -129.200 310.470 -137.890 329.220 -143.560 349.110 -146.570 369.400 -146.980 389.460 -144.790 408.940 -139.780 427.570 -131.680 445.010 -120.040 460.350 -103.110 472.430 -78.570 480.120 -44.450 482.950 -3.690 480.940 36.920 474.110 70.590 462.860 94.390 448.080 110.360 430.650 120.880 411.500 127.790 391.520 131.780
4 -392.450 146.000 -413.050 143.680 -433.650 138.580 -454.120 130.110 -474.180 117.590 -492.320 99.590 -506.500 74.320 -514.780 40.300 -516.800 0.060 -513.440 -40.750 -505.590 -76.460 -493.850 -104.250 -478.440 -124.960 -459.560 -139.660 -437.730 -149.330 -414.200 -154.620 -390.320 -156.170 -367.310 -154.560 -345.930 -150.120 -326.830 -143.130 -310.610 -133.430 -297.570 -117.780 -287.890 -91.520 -281.770 -50.550 -279.550 0.860 -281.710 52.030 -288.740 92.260 -300.400 117.320 -315.600 131.340 -333.160 139.010 -352.120 143.740 -372.020 146.020
5 372.690 190.310 322.460 190.180 275.150 186.480 232.700 178.940 197.040 167.410 170.130 152.960 153.910 137.180 150.070 121.670 156.450 107.900 167.910 97.280 179.360 91.220 190.310 90.330 206.310 94.260 233.260 102.580 273.790 113.720 323.170 123.530 375.670 127.500 425.910 122.690 469.870 112.360 503.870 101.340 525.020 93.920 536.490 90.660 544.120 90.430 553.380 92.170 564.200 96.220 572.200 103.960 572.940 116.760 563.660 133.980 543.770 152.340 512.820 168.430 471.580 179.910 423.580 187.020
5 -365.420 177.990 -411.670 175.990 -453.220 171.150 -489.000 164.630 -518.100 157.490 -540.930 149.810 -558.450 141.260 -571.590 131.540 -579.950 120.730 -582.170 109.190 -576.870 97.340 -563.150 86.760 -540.780 80.590 -509.550 82.060 -469.570 91.380 -421.670 102.030 -366.760 106.610 -307.080 100.320 -250.120 88.850 -204.680 80.500 -178.210 82.330 -168.040 92.160 -166.970 103.660 -168.080 110.870 -169.040 113.590 -171.050 116.070 -175.440 122.590 -184.370 134.280 -201.120 148.160 -229.060 161.020 -269.020 170.490 -316.290 176.180
5 371.620 268.680 352.490 268.270 333.860 265.520 315.270 259.970 296.490 250.890 279.030 235.660 265.250 210.850 257.350 173.460 255.750 127.270 259.470 81.290 267.500 44.490 279.050 20.530 293.550 6.090 310.470 -2.600 329.220 -8.260 349.110 -11.280 369.400 -11.690 389.460 -9.500 408.940 -4.490 427.570 3.610 445.010 15.260 460.350 32.190 472.430 56.720 480.120 90.850 482.950 131.600 480.940 172.210 474.110 205.890 462.860 229.690 448.080 245.660 430.650 256.170 411.500 263.080 391.520 267.070
5 -392.450 279.960 -413.050 277.630 -433.650 272.530 -454.120 264.070 -474.180 251.550 -492.320 233.540 -506.500 208.280 -514.780 174.260 -516.800 134.010 -513.440 93.210 -505.590 57.490 -493.850 29.700 -478.440 9.000 -459.560 -5.710 -437.730 -15.370 -414.200 -20.660 -390.320 -22.210 -367.310 -20.610 -345.930 -16.170 -326.830 -9.170 -310.610 0.520 -297.570 16.180 -287.890 42.440 -281.770 83.400 -279.550 134.810 -281.710 185.980 -288.740 226.220 -300.400 251.270 -315.600 265.300 -333.160 272.970 -352.120 277.690 -372.020 279.980
6 373.900 263.020 324.320 262.820 277.190 257.250 234.170 245.920 197.040 228.730 168.530 207.560 151.740 185.250 149.430 164.560 158.940 147.440 173.430 135.220 186.110 129.190 196.050 129.880 209.900 136.780 234.830 149.340 274.150 165.390 322.560 179.250 373.620 184.720 421.430 177.760 462.230 162.780 492.820 146.340 510.850 134.320 520.220 127.680 527.610 125.180 539.290 125.680 554.510 129.840 567.170 139.680 571.100 157.160 562.940 181.350 543.040 207.520 511.960 230.700 471.150 247.500 423.930 258.060
6 -360.680 266.970 -409.550 264.630 -451.190 256.280 -484.770 245.300 -509.750 234.680 -527.810 224.760 -541.650 214.690 -553.770 203.650 -563.860 191.100 -569.400 176.770 -567.880 160.470 -557.580 144.730 -537.870 135.610 -508.190 139.400 -468.580 156.790 -420.440 175.980 -365.370 183.510 -306.090 170.720 -249.920 148.310 -205.290 131.810 -179.330 134.320 -169.270 150.980 -167.930 168.920 -168.400 176.020 -168.060 172.340 -167.570 167.300 -167.750 170.400 -171.410 184.920 -183.950 205.990 -210.910 228.250 -254.050 247.280 -306.610 260.830
6 371.620 284.170 352.490 283.760 333.860 281.010 315.270 275.460 296.490 266.370 279.030 251.150 265.250 226.340 257.350 188.950 255.750 142.760 259.470 96.770 267.500 59.980 279.050 36.020 293.550 21.580 310.470 12.890 329.220 7.220 349.110 4.210 369.400 3.800 389.460 5.990 408.940 11.000 427.570 19.100 445.010 30.740 460.350 47.670 472.430 72.210 480.120 106.330 482.950 147.090 480.940 187.700 474.110 221.370 462.860 245.170 448.080 261.150 430.650 271.660 411.500 278.570 391.520 282.560
6 -392.450 294.720 -413.050 292.400 -433.650 287.300 -454.120 278.830 -474.180 266.320 -492.320 248.310 -506.500 223.050 -514.780 189.020 -516.800 148.780 -513.440 107.970 -505.590 72.260 -493.850 44.470 -478.440 23.760 -459.560 9.060 -437.730 -0.600 -414.200 -5.890 -390.320 -7.450 -367.310 -5.840 -345.930 -1.400 -326.830 5.590 -310.610 15.290 -297.570 30.940 -287.890 57.200 -281.770 98.170 -279.550 149.580 -281.710 200.750 -288.740 240.980 -300.400 266.040 -315.600 280.060 -333.160 287.730 -352.120 292.460 -372.020 294.750
